255.000000
255.000000
255.000000
255.000000
255.000000
255.000000
255.000000
255.000000
255.000000
255.000000
255.000000
255.000000
255.000000
255.000000
255.000000
255.000000
255.000000
255.000000
255.000000
255.000000
255.000000
255.000000
255.000000
255.000000
255.000000
255.000000
255.000000
255.000000
255.000000
255.000000
255.000000
255.000000
255.000000
255.000000
255.000000
255.000000
255.000000
255.000000
255.000000
255.000000
255.000000
255.000000
255.000000
255.000000
255.000000
255.000000
255.000000
255.000000
255.000000
255.000000
255.000000
255.000000
255.000000
255.000000
255.000000
255.000000
255.000000
255.000000
255.000000
255.000000
255.000000
255.000000
255.000000
255.000000
255.000000
255.000000
255.000000
255.000000
255.000000
255.000000
255.000000
255.000000
255.000000
255.000000
255.000000
255.000000
255.000000
255.000000
255.000000
255.000000
255.000000
255.000000
255.000000
255.000000
255.000000
255.000000
255.000000
255.000000
255.000000
255.000000
255.000000
255.000000
255.000000
254.000000
253.000000
251.000000
250.000000
248.000000
247.000000
247.000000
247.000000
247.000000
248.000000
250.000000
251.000000
253.000000
254.000000
255.000000
255.000000
255.000000
255.000000
255.000000
255.000000
255.000000
255.000000
255.000000
255.000000
255.000000
255.000000
255.000000
255.000000
255.000000
255.000000
255.000000
255.000000
255.000000
255.000000
255.000000
255.000000
255.000000
255.000000
254.000000
252.000000
249.000000
246.000000
241.000000
237.000000
234.000000
231.000000
230.000000
230.000000
231.000000
234.000000
237.000000
241.000000
246.000000
249.000000
252.000000
254.000000
255.000000
255.000000
255.000000
255.000000
255.000000
255.000000
255.000000
255.000000
255.000000
255.000000
255.000000
255.000000
255.000000
255.000000
255.000000
255.000000
255.000000
255.000000
255.000000
255.000000
254.000000
252.000000
249.000000
245.000000
238.000000
230.000000
222.000000
213.000000
207.000000
202.000000
200.000000
200.000000
202.000000
207.000000
213.000000
222.000000
230.000000
238.000000
245.000000
249.000000
252.000000
254.000000
255.000000
255.000000
255.000000
255.000000
255.000000
255.000000
255.000000
255.000000
255.000000
255.000000
255.000000
255.000000
255.000000
255.000000
255.000000
255.000000
255.000000
253.000000
251.000000
246.000000
240.000000
230.000000
218.000000
204.000000
189.000000
175.000000
165.000000
159.000000
156.000000
156.000000
159.000000
165.000000
175.000000
189.000000
204.000000
218.000000
230.000000
240.000000
246.000000
251.000000
253.000000
255.000000
255.000000
255.000000
255.000000
255.000000
255.000000
255.000000
255.000000
255.000000
255.000000
255.000000
255.000000
255.000000
255.000000
255.000000
253.000000
250.000000
244.000000
235.000000
222.000000
205.000000
186.000000
165.000000
144.000000
126.000000
114.000000
106.000000
103.000000
103.000000
106.000000
114.000000
126.000000
144.000000
165.000000
186.000000
205.000000
222.000000
235.000000
244.000000
250.000000
253.000000
255.000000
255.000000
255.000000
255.000000
255.000000
255.000000
255.000000
255.000000
255.000000
255.000000
255.000000
255.000000
255.000000
253.000000
250.000000
243.000000
232.000000
215.000000
194.000000
169.000000
143.000000
118.000000
96.000000
79.000000
68.000000
61.000000
58.000000
58.000000
61.000000
68.000000
79.000000
96.000000
118.000000
143.000000
169.000000
194.000000
215.000000
232.000000
243.000000
250.000000
253.000000
255.000000
255.000000
255.000000
255.000000
255.000000
255.000000
255.000000
255.000000
255.000000
255.000000
255.000000
253.000000
250.000000
243.000000
230.000000
212.000000
187.000000
156.000000
125.000000
97.000000
74.000000
56.000000
43.000000
35.000000
30.000000
28.000000
28.000000
30.000000
35.000000
43.000000
56.000000
74.000000
97.000000
125.000000
156.000000
187.000000
212.000000
230.000000
243.000000
250.000000
253.000000
255.000000
255.000000
255.000000
255.000000
255.000000
255.000000
255.000000
255.000000
255.000000
254.000000
251.000000
244.000000
232.000000
212.000000
185.000000
151.000000
115.000000
83.000000
58.000000
41.000000
28.000000
20.000000
15.000000
12.000000
11.000000
11.000000
12.000000
15.000000
20.000000
28.000000
41.000000
58.000000
83.000000
115.000000
151.000000
185.000000
212.000000
232.000000
244.000000
251.000000
254.000000
255.000000
255.000000
255.000000
255.000000
255.000000
255.000000
255.000000
255.000000
252.000000
246.000000
235.000000
215.000000
187.000000
151.000000
112.000000
77.000000
50.000000
31.000000
19.000000
11.000000
7.000000
4.000000
2.000000
1.000000
1.000000
2.000000
4.000000
7.000000
11.000000
19.000000
31.000000
50.000000
77.000000
112.000000
151.000000
187.000000
215.000000
235.000000
246.000000
252.000000
255.000000
255.000000
255.000000
255.000000
255.000000
255.000000
255.000000
254.000000
249.000000
240.000000
222.000000
194.000000
156.000000
115.000000
77.000000
48.000000
27.000000
15.000000
8.000000
4.000000
2.000000
1.000000
1.000000
1.000000
1.000000
1.000000
1.000000
2.000000
4.000000
8.000000
15.000000
27.000000
48.000000
77.000000
115.000000
156.000000
194.000000
222.000000
240.000000
249.000000
254.000000
255.000000
255.000000
255.000000
255.000000
255.000000
255.000000
252.000000
245.000000
230.000000
205.000000
169.000000
125.000000
83.000000
50.000000
27.000000
13.000000
6.000000
3.000000
1.000000
1.000000
1.000000
1.000000
1.000000
1.000000
1.000000
1.000000
1.000000
1.000000
3.000000
6.000000
13.000000
27.000000
50.000000
83.000000
125.000000
169.000000
205.000000
230.000000
245.000000
252.000000
255.000000
255.000000
255.000000
255.000000
255.000000
254.000000
249.000000
238.000000
218.000000
186.000000
143.000000
97.000000
58.000000
31.000000
15.000000
6.000000
3.000000
1.000000
1.000000
1.000000
1.000000
1.000000
1.000000
1.000000
1.000000
1.000000
1.000000
1.000000
1.000000
3.000000
6.000000
15.000000
31.000000
58.000000
97.000000
143.000000
186.000000
218.000000
238.000000
249.000000
254.000000
255.000000
255.000000
255.000000
255.000000
253.000000
246.000000
230.000000
204.000000
165.000000
118.000000
74.000000
41.000000
19.000000
8.000000
3.000000
1.000000
1.000000
1.000000
1.000000
1.000000
1.000000
1.000000
1.000000
1.000000
1.000000
1.000000
1.000000
1.000000
1.000000
3.000000
8.000000
19.000000
41.000000
74.000000
118.000000
165.000000
204.000000
230.000000
246.000000
253.000000
255.000000
255.000000
255.000000
255.000000
251.000000
241.000000
222.000000
189.000000
144.000000
96.000000
56.000000
28.000000
11.000000
4.000000
1.000000
1.000000
1.000000
1.000000
1.000000
1.000000
1.000000
1.000000
1.000000
1.000000
1.000000
1.000000
1.000000
1.000000
1.000000
1.000000
4.000000
11.000000
28.000000
56.000000
96.000000
144.000000
189.000000
222.000000
241.000000
251.000000
255.000000
255.000000
255.000000
255.000000
250.000000
237.000000
213.000000
175.000000
126.000000
79.000000
43.000000
20.000000
7.000000
2.000000
1.000000
1.000000
1.000000
1.000000
1.000000
1.000000
1.000000
1.000000
1.000000
1.000000
1.000000
1.000000
1.000000
1.000000
1.000000
1.000000
2.000000
7.000000
20.000000
43.000000
79.000000
126.000000
175.000000
213.000000
237.000000
250.000000
255.000000
255.000000
255.000000
255.000000
248.000000
234.000000
207.000000
165.000000
114.000000
68.000000
35.000000
15.000000
4.000000
1.000000
1.000000
1.000000
1.000000
1.000000
1.000000
1.000000
1.000000
1.000000
1.000000
1.000000
1.000000
1.000000
1.000000
1.000000
1.000000
1.000000
1.000000
4.000000
15.000000
35.000000
68.000000
114.000000
165.000000
207.000000
234.000000
248.000000
255.000000
255.000000
255.000000
255.000000
247.000000
231.000000
202.000000
159.000000
106.000000
61.000000
30.000000
12.000000
2.000000
1.000000
1.000000
1.000000
1.000000
1.000000
1.000000
1.000000
1.000000
1.000000
1.000000
1.000000
1.000000
1.000000
1.000000
1.000000
1.000000
1.000000
1.000000
2.000000
12.000000
30.000000
61.000000
106.000000
159.000000
202.000000
231.000000
247.000000
255.000000
255.000000
255.000000
255.000000
247.000000
230.000000
200.000000
156.000000
103.000000
58.000000
28.000000
11.000000
1.000000
1.000000
1.000000
1.000000
1.000000
1.000000
1.000000
1.000000
1.000000
1.000000
1.000000
1.000000
1.000000
1.000000
1.000000
1.000000
1.000000
1.000000
1.000000
1.000000
11.000000
28.000000
58.000000
103.000000
156.000000
200.000000
230.000000
247.000000
255.000000
255.000000
255.000000
255.000000
247.000000
230.000000
200.000000
156.000000
103.000000
58.000000
28.000000
11.000000
1.000000
1.000000
1.000000
1.000000
1.000000
1.000000
1.000000
1.000000
1.000000
1.000000
1.000000
1.000000
1.000000
1.000000
1.000000
1.000000
1.000000
1.000000
1.000000
1.000000
11.000000
28.000000
58.000000
103.000000
156.000000
200.000000
230.000000
247.000000
255.000000
255.000000
255.000000
255.000000
247.000000
231.000000
202.000000
159.000000
106.000000
61.000000
30.000000
12.000000
2.000000
1.000000
1.000000
1.000000
1.000000
1.000000
1.000000
1.000000
1.000000
1.000000
1.000000
1.000000
1.000000
1.000000
1.000000
1.000000
1.000000
1.000000
1.000000
2.000000
12.000000
30.000000
61.000000
106.000000
159.000000
202.000000
231.000000
247.000000
255.000000
255.000000
255.000000
255.000000
248.000000
234.000000
207.000000
165.000000
114.000000
68.000000
35.000000
15.000000
4.000000
1.000000
1.000000
1.000000
1.000000
1.000000
1.000000
1.000000
1.000000
1.000000
1.000000
1.000000
1.000000
1.000000
1.000000
1.000000
1.000000
1.000000
1.000000
4.000000
15.000000
35.000000
68.000000
114.000000
165.000000
207.000000
234.000000
248.000000
255.000000
255.000000
255.000000
255.000000
250.000000
237.000000
213.000000
175.000000
126.000000
79.000000
43.000000
20.000000
7.000000
2.000000
1.000000
1.000000
1.000000
1.000000
1.000000
1.000000
1.000000
1.000000
1.000000
1.000000
1.000000
1.000000
1.000000
1.000000
1.000000
1.000000
2.000000
7.000000
20.000000
43.000000
79.000000
126.000000
175.000000
213.000000
237.000000
250.000000
255.000000
255.000000
255.000000
255.000000
251.000000
241.000000
222.000000
189.000000
144.000000
96.000000
56.000000
28.000000
11.000000
4.000000
1.000000
1.000000
1.000000
1.000000
1.000000
1.000000
1.000000
1.000000
1.000000
1.000000
1.000000
1.000000
1.000000
1.000000
1.000000
1.000000
4.000000
11.000000
28.000000
56.000000
96.000000
144.000000
189.000000
222.000000
241.000000
251.000000
255.000000
255.000000
255.000000
255.000000
253.000000
246.000000
230.000000
204.000000
165.000000
118.000000
74.000000
41.000000
19.000000
8.000000
3.000000
1.000000
1.000000
1.000000
1.000000
1.000000
1.000000
1.000000
1.000000
1.000000
1.000000
1.000000
1.000000
1.000000
1.000000
3.000000
8.000000
19.000000
41.000000
74.000000
118.000000
165.000000
204.000000
230.000000
246.000000
253.000000
255.000000
255.000000
255.000000
255.000000
254.000000
249.000000
238.000000
218.000000
186.000000
143.000000
97.000000
58.000000
31.000000
15.000000
6.000000
3.000000
1.000000
1.000000
1.000000
1.000000
1.000000
1.000000
1.000000
1.000000
1.000000
1.000000
1.000000
1.000000
3.000000
6.000000
15.000000
31.000000
58.000000
97.000000
143.000000
186.000000
218.000000
238.000000
249.000000
254.000000
255.000000
255.000000
255.000000
255.000000
255.000000
252.000000
245.000000
230.000000
205.000000
169.000000
125.000000
83.000000
50.000000
27.000000
13.000000
6.000000
3.000000
1.000000
1.000000
1.000000
1.000000
1.000000
1.000000
1.000000
1.000000
1.000000
1.000000
3.000000
6.000000
13.000000
27.000000
50.000000
83.000000
125.000000
169.000000
205.000000
230.000000
245.000000
252.000000
255.000000
255.000000
255.000000
255.000000
255.000000
255.000000
254.000000
249.000000
240.000000
222.000000
194.000000
156.000000
115.000000
77.000000
48.000000
27.000000
15.000000
8.000000
4.000000
2.000000
1.000000
1.000000
1.000000
1.000000
1.000000
1.000000
2.000000
4.000000
8.000000
15.000000
27.000000
48.000000
77.000000
115.000000
156.000000
194.000000
222.000000
240.000000
249.000000
254.000000
255.000000
255.000000
255.000000
255.000000
255.000000
255.000000
255.000000
252.000000
246.000000
235.000000
215.000000
187.000000
151.000000
112.000000
77.000000
50.000000
31.000000
19.000000
11.000000
7.000000
4.000000
2.000000
1.000000
1.000000
2.000000
4.000000
7.000000
11.000000
19.000000
31.000000
50.000000
77.000000
112.000000
151.000000
187.000000
215.000000
235.000000
246.000000
252.000000
255.000000
255.000000
255.000000
255.000000
255.000000
255.000000
255.000000
255.000000
254.000000
251.000000
244.000000
232.000000
212.000000
185.000000
151.000000
115.000000
83.000000
58.000000
41.000000
28.000000
20.000000
15.000000
12.000000
11.000000
11.000000
12.000000
15.000000
20.000000
28.000000
41.000000
58.000000
83.000000
115.000000
151.000000
185.000000
212.000000
232.000000
244.000000
251.000000
254.000000
255.000000
255.000000
255.000000
255.000000
255.000000
255.000000
255.000000
255.000000
255.000000
253.000000
250.000000
243.000000
230.000000
212.000000
187.000000
156.000000
125.000000
97.000000
74.000000
56.000000
43.000000
35.000000
30.000000
28.000000
28.000000
30.000000
35.000000
43.000000
56.000000
74.000000
97.000000
125.000000
156.000000
187.000000
212.000000
230.000000
243.000000
250.000000
253.000000
255.000000
255.000000
255.000000
255.000000
255.000000
255.000000
255.000000
255.000000
255.000000
255.000000
255.000000
253.000000
250.000000
243.000000
232.000000
215.000000
194.000000
169.000000
143.000000
118.000000
96.000000
79.000000
68.000000
61.000000
58.000000
58.000000
61.000000
68.000000
79.000000
96.000000
118.000000
143.000000
169.000000
194.000000
215.000000
232.000000
243.000000
250.000000
253.000000
255.000000
255.000000
255.000000
255.000000
255.000000
255.000000
255.000000
255.000000
255.000000
255.000000
255.000000
255.000000
255.000000
253.000000
250.000000
244.000000
235.000000
222.000000
205.000000
186.000000
165.000000
144.000000
126.000000
114.000000
106.000000
103.000000
103.000000
106.000000
114.000000
126.000000
144.000000
165.000000
186.000000
205.000000
222.000000
235.000000
244.000000
250.000000
253.000000
255.000000
255.000000
255.000000
255.000000
255.000000
255.000000
255.000000
255.000000
255.000000
255.000000
255.000000
255.000000
255.000000
255.000000
255.000000
253.000000
251.000000
246.000000
240.000000
230.000000
218.000000
204.000000
189.000000
175.000000
165.000000
159.000000
156.000000
156.000000
159.000000
165.000000
175.000000
189.000000
204.000000
218.000000
230.000000
240.000000
246.000000
251.000000
253.000000
255.000000
255.000000
255.000000
255.000000
255.000000
255.000000
255.000000
255.000000
255.000000
255.000000
255.000000
255.000000
255.000000
255.000000
255.000000
255.000000
255.000000
254.000000
252.000000
249.000000
245.000000
238.000000
230.000000
222.000000
213.000000
207.000000
202.000000
200.000000
200.000000
202.000000
207.000000
213.000000
222.000000
230.000000
238.000000
245.000000
249.000000
252.000000
254.000000
255.000000
255.000000
255.000000
255.000000
255.000000
255.000000
255.000000
255.000000
255.000000
255.000000
255.000000
255.000000
255.000000
255.000000
255.000000
255.000000
255.000000
255.000000
255.000000
255.000000
254.000000
252.000000
249.000000
246.000000
241.000000
237.000000
234.000000
231.000000
230.000000
230.000000
231.000000
234.000000
237.000000
241.000000
246.000000
249.000000
252.000000
254.000000
255.000000
255.000000
255.000000
255.000000
255.000000
255.000000
255.000000
255.000000
255.000000
255.000000
255.000000
255.000000
255.000000
255.000000
255.000000
255.000000
255.000000
255.000000
255.000000
255.000000
255.000000
255.000000
255.000000
255.000000
254.000000
253.000000
251.000000
250.000000
248.000000
247.000000
247.000000
247.000000
247.000000
248.000000
250.000000
251.000000
253.000000
254.000000
255.000000
255.000000
255.000000
255.000000
255.000000
255.000000
255.000000
255.000000
255.000000
255.000000
255.000000
255.000000
255.000000
255.000000
255.000000
255.000000
255.000000
255.000000
255.000000
255.000000
255.000000
255.000000
255.000000
255.000000
255.000000
255.000000
255.000000
255.000000
255.000000
255.000000
255.000000
255.000000
255.000000
255.000000
255.000000
255.000000
255.000000
255.000000
255.000000
255.000000
255.000000
255.000000
255.000000
255.000000
255.000000
255.000000
255.000000
255.000000
255.000000
255.000000
255.000000
255.000000
255.000000
255.000000
255.000000
255.000000
255.000000
255.000000
255.000000
255.000000
255.000000
255.000000
255.000000
255.000000
255.000000
255.000000
255.000000
255.000000
255.000000
255.000000
255.000000
255.000000
255.000000
255.000000
255.000000
255.000000
255.000000
255.000000
255.000000
255.000000
255.000000
255.000000
255.000000
255.000000
255.000000
255.000000
255.000000
255.000000
255.000000
255.000000
255.000000
255.000000
255.000000